-0.010 -0.044 -0.032 0.027 0.012 -0.037 -0.076 27.000 2.564 
-0.007 -0.049 -0.039 0.029 0.017 -0.042 -0.066 30.200 2.549 
-0.007 -0.049 -0.042 0.027 0.017 -0.046 -0.066 33.800 2.535 
-0.007 -0.049 -0.042 0.027 0.017 -0.044 -0.063 37.600 2.520 
-0.007 -0.046 -0.039 0.029 0.017 -0.044 -0.063 40.600 2.515 
-0.007 -0.046 -0.039 0.027 0.017 -0.044 -0.066 43.600 2.510 
-0.007 -0.051 -0.042 0.027 0.020 -0.044 -0.066 45.200 2.505 
-0.007 -0.049 -0.042 0.029 0.017 -0.044 -0.068 46.600 2.501 
-0.005 -0.049 -0.044 0.027 0.017 -0.046 -0.068 46.600 2.491 
-0.005 -0.046 -0.042 0.024 0.020 -0.044 -0.073 46.600 2.481 
-0.002 -0.046 -0.044 0.024 0.022 -0.044 -0.068 46.400 2.471 
0.002 -0.049 -0.049 0.024 0.024 -0.049 -0.063 46.000 2.462 
0.002 -0.049 -0.051 0.024 0.029 -0.051 -0.054 47.600 2.457 
0.002 -0.051 -0.054 0.024 0.027 -0.051 -0.044 49.000 2.452 
-0.000 -0.054 -0.051 0.027 0.027 -0.054 -0.039 53.000 2.447 
-0.000 -0.054 -0.051 0.024 0.029 -0.054 -0.037 57.200 2.442 
0.002 -0.054 -0.051 0.024 0.029 -0.054 -0.037 62.200 2.427 
0.005 -0.049 -0.049 0.022 0.029 -0.051 -0.037 67.400 2.413 
0.005 -0.044 -0.046 0.020 0.029 -0.046 -0.032 71.000 2.398 
0.005 -0.042 -0.042 0.015 0.027 -0.044 -0.027 74.600 2.383 
0.007 -0.034 -0.039 0.012 0.027 -0.039 -0.022 75.400 2.374 
0.005 -0.032 -0.037 0.012 0.024 -0.037 -0.022 76.400 2.364 
0.005 -0.029 -0.032 0.012 0.022 -0.032 -0.024 75.600 2.354 
0.007 -0.027 -0.034 0.010 0.020 -0.029 -0.022 74.800 2.344 
0.010 -0.022 -0.034 0.007 0.022 -0.027 -0.020 73.800 2.335 
0.015 -0.017 -0.032 0.002 0.024 -0.022 -0.012 72.600 2.325 
0.017 -0.012 -0.032 -0.000 0.022 -0.020 -0.005 71.600 2.315 
0.017 -0.007 -0.027 -0.002 0.022 -0.017 0.005 70.400 2.305 
0.017 -0.002 -0.022 -0.005 0.017 -0.012 0.015 69.600 2.295 
0.017 0.002 -0.015 -0.010 0.017 -0.005 0.020 68.800 2.286 
0.022 0.012 -0.010 -0.017 0.017 0.002 0.024 69.200 2.276 
0.027 0.024 -0.002 -0.024 0.015 0.012 0.027 69.600 2.266 
0.029 0.034 0.005 -0.029 0.012 0.022 0.029 71.400 2.256 
0.032 0.042 0.007 -0.037 0.012 0.027 0.042 73.200 2.247 
0.037 0.044 0.010 -0.039 0.015 0.027 0.056 76.000 2.237 
0.039 0.051 0.015 -0.046 0.015 0.032 0.073 78.600 2.227 
0.039 0.061 0.022 -0.049 0.010 0.042 0.090 81.800 2.217 
0.042 0.078 0.037 -0.056 0.002 0.059 0.105 85.000 2.208 
0.042 0.098 0.051 -0.068 -0.005 0.076 0.120 89.400 2.198 
0.046 0.117 0.066 -0.081 -0.010 0.095 0.132 94.000 2.188 
0.056 0.139 0.081 -0.095 -0.015 0.112 0.144 100.600 2.178 
0.061 0.159 0.095 -0.110 -0.017 0.129 0.159 107.400 2.168 
0.068 0.181 0.110 -0.125 -0.022 0.147 0.173 114.800 2.159 
0.073 0.200 0.127 -0.137 -0.027 0.164 0.190 122.400 2.149 
0.076 0.217 0.142 -0.147 -0.034 0.183 0.208 128.600 2.144 
0.081 0.239 0.156 -0.159 -0.039 0.200 0.225 134.800 2.139 
0.085 0.256 0.168 -0.168 -0.044 0.215 0.244 140.200 2.134 
0.088 0.274 0.181 -0.178 -0.046 0.230 0.266 145.600 2.129 
0.095 0.291 0.193 -0.190 -0.051 0.244 0.286 151.800 2.120 
0.098 0.308 0.210 -0.200 -0.056 0.261 0.300 158.000 2.110 
0.098 0.322 0.222 -0.210 -0.063 0.274 0.315 163.200 2.100 
0.103 0.337 0.234 -0.217 -0.066 0.288 0.322 168.400 2.090 
0.107 0.352 0.242 -0.230 -0.066 0.295 0.332 170.800 2.085 
0.112 0.361 0.249 -0.237 -0.068 0.308 0.342 173.200 2.081 
0.115 0.371 0.254 -0.239 -0.071 0.315 0.352 172.200 2.076 
0.112 0.374 0.256 -0.239 -0.073 0.317 0.359 171.200 2.071 
0.110 0.369 0.254 -0.234 -0.076 0.313 0.361 164.400 2.066 
0.105 0.359 0.249 -0.227 -0.076 0.308 0.359 157.400 2.061 
0.098 0.347 0.244 -0.220 -0.076 0.300 0.352 145.800 2.056 
0.090 0.337 0.239 -0.210 -0.076 0.288 0.337 134.200 2.051 
0.085 0.317 0.230 -0.200 -0.073 0.276 0.320 123.200 2.046 
0.081 0.295 0.215 -0.188 -0.068 0.259 0.300 112.200 2.042 
0.073 0.271 0.198 -0.171 -0.063 0.237 0.278 103.800 2.037 
0.066 0.247 0.176 -0.154 -0.056 0.212 0.256 95.600 2.032 
0.056 0.212 0.151 -0.132 -0.049 0.186 0.234 90.800 2.017 
0.049 0.181 0.127 -0.110 -0.039 0.156 0.215 85.800 2.002 
0.042 0.151 0.107 -0.095 -0.034 0.132 0.190 84.400 1.988 
0.039 0.127 0.088 -0.083 -0.027 0.110 0.164 83.000 1.973 
0.034 0.112 0.081 -0.071 -0.022 0.098 0.132 83.600 1.968 
0.029 0.100 0.071 -0.063 -0.020 0.085 0.103 84.400 1.963 
0.022 0.085 0.061 -0.051 -0.020 0.076 0.078 86.000 1.958 
0.017 0.073 0.054 -0.042 -0.020 0.063 0.063 87.800 1.954 
0.010 0.059 0.044 -0.032 -0.020 0.054 0.056 89.400 1.949 
0.005 0.042 0.034 -0.022 -0.017 0.042 0.056 91.000 1.944 
-0.000 0.027 0.022 -0.010 -0.015 0.029 0.054 92.200 1.939 
-0.000 0.015 0.010 -0.002 -0.007 0.015 0.049 93.200 1.934 
-0.000 0.005 -0.000 0.002 -0.000 0.005 0.044 93.800 1.924 
-0.000 -0.002 -0.010 0.005 0.002 -0.002 0.034 94.400 1.915 
-0.002 -0.010 -0.015 0.007 0.005 -0.007 0.027 94.400 1.905 
-0.005 -0.015 -0.015 0.012 0.002 -0.012 0.017 94.400 1.895 
-0.005 -0.015 -0.015 0.015 0.002 -0.012 0.010 93.600 1.880 
-0.005 -0.015 -0.012 0.012 0.002 -0.010 0.002 92.800 1.866 
-0.005 -0.010 -0.010 0.010 -0.000 -0.007 -0.002 91.200 1.851 
-0.007 -0.010 -0.007 0.010 -0.002 -0.005 -0.005 89.600 1.836 
-0.007 -0.007 -0.005 0.012 -0.002 -0.002 -0.005 87.600 1.832 
-0.007 -0.007 -0.002 0.012 -0.005 -0.002 -0.007 85.400 1.827 
-0.012 -0.007 -0.000 0.012 -0.007 -0.002 -0.007 82.600 1.822 
-0.015 -0.005 0.002 0.012 -0.012 0.002 -0.007 79.800 1.817 
-0.012 -0.000 0.010 0.007 -0.012 0.007 -0.007 77.600 1.812 
-0.010 0.007 0.012 0.005 -0.012 0.010 -0.002 75.200 1.807 
-0.010 0.010 0.017 0.002 -0.015 0.017 -0.005 73.600 1.802 
-0.010 0.015 0.020 -0.000 -0.015 0.020 -0.005 72.000 1.797 
-0.007 0.017 0.020 -0.002 -0.015 0.022 -0.005 71.000 1.792 
-0.005 0.020 0.020 -0.002 -0.015 0.022 -0.002 70.000 1.788 
-0.005 0.020 0.020 -0.005 -0.015 0.022 -0.000 70.400 1.783 
-0.002 0.020 0.017 -0.005 -0.012 0.022 0.002 71.000 1.778 
-0.007 0.015 0.015 -0.000 -0.012 0.020 0.002 73.200 1.792 
-0.010 0.010 0.015 0.002 -0.012 0.015 -0.002 75.400 1.807 
-0.007 0.005 0.010 0.002 -0.012 0.012 -0.005 79.800 1.822 
-0.007 0.007 0.007 0.002 -0.010 0.012 -0.005 84.200 1.836 
-0.002 0.012 0.007 -0.002 -0.007 0.015 -0.005 90.600 1.871 
-0.000 0.017 0.015 -0.005 -0.007 0.017 -0.000 97.000 1.905 
-0.002 0.017 0.015 -0.002 -0.010 0.020 0.005 104.000 1.939 
-0.005 0.017 0.015 -0.002 -0.012 0.020 0.002 111.200 1.973 
-0.007 0.015 0.017 -0.002 -0.012 0.020 -0.000 117.000 2.032 
-0.005 0.017 0.017 -0.002 -0.012 0.020 0.002 122.600 2.090 
-0.002 0.017 0.017 -0.005 -0.012 0.020 0.002 124.800 2.149 
-0.000 0.022 0.020 -0.007 -0.012 0.024 -0.000 126.800 2.208 
-0.000 0.027 0.020 -0.010 -0.012 0.027 -0.000 125.200 2.281 
-0.000 0.029 0.020 -0.007 -0.012 0.027 -0.000 123.400 2.354 
-0.000 0.024 0.020 -0.007 -0.012 0.027 -0.000 118.600 2.427 
-0.002 0.020 0.017 -0.007 -0.010 0.022 0.002 113.600 2.501 
-0.002 0.020 0.017 -0.005 -0.010 0.020 0.007 107.800 2.584 
-0.000 0.020 0.015 -0.007 -0.010 0.020 0.010 101.800 2.667 
-0.000 0.022 0.015 -0.005 -0.010 0.022 0.010 97.200 2.750 
0.002 0.020 0.010 -0.007 -0.007 0.020 0.007 92.600 2.833 
-0.000 0.015 0.005 -0.002 -0.007 0.015 0.007 90.400 2.901 
-0.000 0.007 -0.000 -0.000 -0.002 0.007 0.005 88.200 2.969 
-0.000 -0.000 -0.007 0.005 -0.000 -0.000 0.007 87.600 3.038 
-0.002 -0.005 -0.012 0.007 0.002 -0.005 0.007 87.000 3.106 
0.002 -0.005 -0.015 0.007 0.002 -0.005 0.010 86.800 3.160 
-0.000 -0.007 -0.012 0.007 0.002 -0.005 0.010 86.600 3.214 
-0.005 -0.012 -0.017 0.012 0.005 -0.010 0.005 86.000 3.267 
-0.005 -0.022 -0.022 0.020 0.007 -0.020 -0.000 85.400 3.321 
-0.007 -0.032 -0.029 0.022 0.010 -0.027 -0.005 84.200 3.355 
-0.007 -0.037 -0.034 0.024 0.012 -0.032 -0.007 83.200 3.389 
-0.005 -0.037 -0.037 0.024 0.015 -0.034 -0.005 81.600 3.424 
-0.005 -0.034 -0.034 0.022 0.012 -0.029 -0.000 80.200 3.458 
-0.005 -0.024 -0.024 0.017 0.007 -0.022 0.002 78.800 3.468 
-0.005 -0.015 -0.017 0.012 0.005 -0.012 0.005 77.600 3.477 
-0.005 -0.010 -0.012 0.010 0.002 -0.010 0.005 77.600 3.487 
-0.005 -0.012 -0.012 0.010 0.002 -0.010 0.007 77.400 3.497 
-0.005 -0.015 -0.017 0.015 0.005 -0.012 0.007 77.400 3.497 
-0.005 -0.022 -0.020 0.017 0.005 -0.017 0.010 77.400 3.497 
-0.007 -0.029 -0.024 0.020 0.005 -0.024 0.012 76.600 3.497 
-0.007 -0.032 -0.029 0.022 0.010 -0.027 0.015 75.800 3.497 
-0.007 -0.034 -0.032 0.022 0.012 -0.029 0.017 74.600 3.487 
-0.007 -0.034 -0.032 0.022 0.010 -0.029 0.015 73.600 3.477 
-0.007 -0.032 -0.029 0.024 0.010 -0.029 0.010 72.600 3.468 
-0.010 -0.032 -0.027 0.024 0.007 -0.024 0.002 71.600 3.458 
-0.012 -0.032 -0.027 0.024 0.005 -0.024 -0.007 70.800 3.438 
-0.012 -0.034 -0.027 0.027 0.005 -0.027 -0.010 70.200 3.419 
-0.012 -0.039 -0.032 0.029 0.007 -0.034 -0.007 70.600 3.399 
-0.012 -0.046 -0.039 0.032 0.015 -0.039 -0.000 71.000 3.380 
-0.010 -0.051 -0.046 0.034 0.017 -0.046 0.002 72.400 3.370 
-0.010 -0.056 -0.051 0.034 0.020 -0.051 0.007 74.000 3.360 
-0.010 -0.059 -0.054 0.037 0.020 -0.054 0.010 76.400 3.350 
-0.007 -0.061 -0.056 0.037 0.022 -0.056 0.010 78.800 3.341 
-0.005 -0.063 -0.059 0.034 0.027 -0.059 0.010 81.000 3.331 
-0.002 -0.061 -0.063 0.034 0.029 -0.061 0.005 83.200 3.321 
-0.002 -0.063 -0.059 0.034 0.029 -0.061 -0.000 83.800 3.311 
-0.002 -0.061 -0.059 0.034 0.027 -0.059 -0.005 84.600 3.302 
-0.002 -0.059 -0.056 0.032 0.027 -0.056 -0.007 84.200 3.282 
-0.002 -0.061 -0.056 0.032 0.027 -0.059 -0.005 83.800 3.263 
-0.002 -0.061 -0.059 0.032 0.029 -0.059 -0.000 82.800 3.243 
-0.002 -0.066 -0.063 0.034 0.032 -0.063 0.007 82.000 3.223 
-0.002 -0.068 -0.066 0.037 0.029 -0.066 0.010 81.200 3.214 
-0.005 -0.071 -0.063 0.039 0.029 -0.066 0.010 80.200 3.204 
-0.010 -0.071 -0.061 0.039 0.027 -0.066 0.002 79.400 3.194 
-0.010 -0.068 -0.061 0.039 0.024 -0.063 -0.000 78.400 3.184 
-0.007 -0.071 -0.063 0.042 0.029 -0.066 -0.005 77.600 3.170 
-0.005 -0.073 -0.068 0.039 0.032 -0.071 -0.002 76.600 3.155 
-0.007 -0.078 -0.073 0.044 0.032 -0.073 -0.000 75.400 3.140 
-0.010 -0.081 -0.076 0.046 0.032 -0.073 0.005 74.400 3.126 
-0.012 -0.083 -0.073 0.051 0.029 -0.076 0.010 73.200 3.116 
-0.015 -0.085 -0.071 0.049 0.029 -0.076 0.010 72.000 3.106 
-0.015 -0.083 -0.073 0.049 0.032 -0.076 0.007 70.800 3.096 
-0.010 -0.083 -0.073 0.046 0.032 -0.076 0.007 69.800 3.087 
-0.007 -0.083 -0.073 0.044 0.034 -0.078 0.005 69.000 3.067 
-0.005 -0.078 -0.073 0.044 0.034 -0.076 -0.005 68.400 3.048 
-0.007 -0.078 -0.071 0.046 0.032 -0.076 -0.010 68.400 3.028 
-0.010 -0.081 -0.071 0.046 0.029 -0.073 -0.012 68.400 3.009 
-0.010 -0.083 -0.073 0.046 0.032 -0.078 -0.017 69.000 2.994 
-0.007 -0.085 -0.078 0.046 0.034 -0.081 -0.015 69.800 2.979 
-0.007 -0.088 -0.078 0.049 0.037 -0.081 -0.007 70.800 2.965 
-0.007 -0.083 -0.078 0.046 0.039 -0.081 -0.002 71.600 2.950 
-0.005 -0.083 -0.078 0.044 0.037 -0.078 0.002 72.600 2.935 
-0.002 -0.081 -0.078 0.044 0.037 -0.078 0.005 73.800 2.921 
-0.002 -0.083 -0.081 0.044 0.039 -0.081 0.005 74.600 2.906 
-0.002 -0.085 -0.083 0.044 0.039 -0.083 0.002 75.400 2.891 
-0.005 -0.085 -0.081 0.044 0.039 -0.081 -0.005 75.600 2.882 
-0.005 -0.083 -0.076 0.046 0.039 -0.081 -0.012 76.000 2.872 
-0.007 -0.083 -0.071 0.044 0.034 -0.078 -0.015 76.000 2.862 
-0.007 -0.081 -0.071 0.042 0.034 -0.076 -0.015 76.000 2.852 
-0.010 -0.081 -0.066 0.042 0.032 -0.076 -0.010 75.800 2.838 
-0.010 -0.078 -0.063 0.042 0.032 -0.073 -0.002 75.600 2.823 
-0.010 -0.076 -0.063 0.044 0.029 -0.071 -0.000 75.000 2.808 
-0.007 -0.076 -0.066 0.044 0.027 -0.071 0.002 74.600 2.794 
-0.010 -0.073 -0.066 0.042 0.029 -0.068 0.005 74.000 2.794 
-0.010 -0.071 -0.061 0.039 0.027 -0.066 0.005 73.200 2.794 
-0.007 -0.063 -0.054 0.037 0.024 -0.059 0.010 72.400 2.794 
-0.007 -0.051 -0.044 0.032 0.020 -0.049 0.015 71.600 2.794 
-0.007 -0.042 -0.032 0.024 0.015 -0.039 0.024 70.800 2.794 
-0.000 -0.027 -0.022 0.012 0.015 -0.024 0.034 70.000 2.794 
0.002 -0.015 -0.017 0.005 0.012 -0.017 0.044 69.400 2.794 
0.010 -0.002 -0.012 -0.002 0.012 -0.007 0.051 68.800 2.794 
0.012 0.005 -0.005 -0.010 0.012 -0.000 0.056 68.600 2.794 
0.015 0.015 -0.000 -0.015 0.010 0.007 0.059 68.400 2.794 
0.022 0.029 0.010 -0.024 0.005 0.020 0.066 68.600 2.794 
0.027 0.051 0.027 -0.039 -0.000 0.042 0.071 68.600 2.794 
0.029 0.076 0.046 -0.051 -0.007 0.061 0.081 68.600 2.794 
0.029 0.095 0.066 -0.061 -0.017 0.081 0.085 68.800 2.794 
0.034 0.107 0.073 -0.071 -0.020 0.090 0.090 69.000 2.794 
0.034 0.112 0.078 -0.073 -0.020 0.095 0.095 69.000 2.794 
0.039 0.117 0.076 -0.076 -0.017 0.098 0.098 69.000 2.794 
0.039 0.117 0.076 -0.078 -0.017 0.098 0.100 69.000 2.794 
0.039 0.115 0.073 -0.073 -0.017 0.098 0.103 68.800 2.794 
0.037 0.105 0.066 -0.068 -0.017 0.088 0.103 68.800 2.794 
0.034 0.098 0.059 -0.061 -0.015 0.081 0.103 68.600 2.794 
0.034 0.085 0.049 -0.056 -0.010 0.068 0.098 68.400 2.794 
0.032 0.068 0.037 -0.049 -0.002 0.056 0.088 68.200 2.794 
0.024 0.049 0.022 -0.034 -0.000 0.039 0.076 67.800 2.794 
0.012 0.024 0.010 -0.017 -0.000 0.017 0.056 67.800 2.784 
-0.000 -0.002 -0.002 0.002 0.002 -0.002 0.037 68.000 2.774 
-0.007 -0.024 -0.020 0.017 0.005 -0.020 0.022 68.200 2.764 
-0.012 -0.042 -0.034 0.029 0.010 -0.037 0.015 68.600 2.755 
-0.015 -0.056 -0.046 0.037 0.017 -0.049 0.012 69.000 2.740 
-0.012 -0.068 -0.061 0.042 0.022 -0.061 0.012 69.400 2.725 
-0.012 -0.078 -0.071 0.049 0.027 -0.071 0.012 69.800 2.711 
-0.012 -0.085 -0.078 0.054 0.032 -0.078 0.010 70.200 2.696 
-0.015 -0.090 -0.083 0.056 0.032 -0.083 0.007 70.400 2.691 
-0.017 -0.095 -0.083 0.059 0.032 -0.085 0.005 70.800 2.686 
-0.020 -0.098 -0.083 0.063 0.029 -0.085 -0.000 70.600 2.681 
-0.024 -0.100 -0.083 0.063 0.027 -0.085 -0.002 70.600 2.676 
-0.024 -0.100 -0.081 0.066 0.029 -0.088 -0.005 70.600 2.662 
-0.024 -0.103 -0.078 0.066 0.027 -0.090 -0.007 70.400 2.647 
-0.024 -0.103 -0.081 0.066 0.024 -0.090 -0.007 70.200 2.632 
-0.024 -0.103 -0.081 0.063 0.027 -0.088 -0.005 70.000 2.618 
-0.024 -0.107 -0.085 0.068 0.029 -0.095 -0.002 69.600 2.598 
-0.024 -0.117 -0.095 0.073 0.037 -0.105 -0.005 69.200 2.579 
-0.022 -0.127 -0.105 0.073 0.044 -0.117 -0.005 68.800 2.559 
-0.012 -0.117 -0.100 0.066 0.046 -0.110 0.012 68.400 2.540 
0.005 -0.071 -0.076 0.034 0.044 -0.076 0.071 68.000 2.530 
0.042 0.015 -0.027 -0.029 0.034 -0.007 0.208 67.600 2.520 
0.100 0.151 0.051 -0.125 0.024 0.103 0.452 67.200 2.510 
0.176 0.347 0.176 -0.261 0.002 0.261 0.799 66.800 2.501 
0.247 0.608 0.361 -0.427 -0.056 0.486 1.206 66.200 2.496 
0.295 0.911 0.615 -0.603 -0.161 0.762 1.595 65.400 2.491 
0.313 1.194 0.879 -0.750 -0.286 1.038 1.871 65.000 2.486 
0.291 1.348 1.055 -0.816 -0.381 1.204 1.961 64.600 2.481 
0.242 1.292 1.045 -0.762 -0.403 1.170 1.812 64.400 2.466 
0.166 1.011 0.840 -0.586 -0.339 0.930 1.416 64.200 2.452 
0.076 0.593 0.513 -0.330 -0.220 0.554 0.847 64.200 2.437 
-0.010 0.166 0.171 -0.078 -0.090 0.171 0.259 64.000 2.422 
-0.063 -0.142 -0.078 0.103 0.010 -0.107 -0.161 64.000 2.408 
-0.078 -0.286 -0.203 0.183 0.063 -0.244 -0.349 64.200 2.393 
-0.066 -0.295 -0.225 0.178 0.081 -0.261 -0.347 64.400 2.379 
-0.042 -0.232 -0.190 0.134 0.076 -0.210 -0.249 64.800 2.364 
-0.017 -0.159 -0.139 0.088 0.063 -0.149 -0.142 65.200 2.349 
-0.002 -0.105 -0.100 0.054 0.049 -0.103 -0.068 65.800 2.335 
-0.002 -0.081 -0.081 0.042 0.042 -0.081 -0.034 66.200 2.320 
-0.002 -0.081 -0.073 0.042 0.037 -0.076 -0.027 66.600 2.305 
-0.007 -0.083 -0.073 0.044 0.034 -0.078 -0.032 66.800 2.300 
-0.007 -0.085 -0.076 0.046 0.037 -0.083 -0.037 67.000 2.295 
-0.007 -0.088 -0.076 0.049 0.037 -0.083 -0.037 67.000 2.291 
-0.010 -0.093 -0.081 0.051 0.037 -0.088 -0.034 67.000 2.286 
-0.012 -0.103 -0.083 0.056 0.039 -0.093 -0.024 67.000 2.271 
-0.015 -0.107 -0.090 0.061 0.039 -0.100 -0.020 66.800 2.256 
-0.012 -0.110 -0.095 0.061 0.044 -0.105 -0.015 66.800 2.242 
-0.007 -0.107 -0.095 0.056 0.046 -0.103 -0.012 66.600 2.227 
-0.005 -0.103 -0.093 0.051 0.046 -0.100 -0.012 66.600 2.212 
-0.005 -0.103 -0.090 0.051 0.046 -0.100 -0.012 66.600 2.198 
-0.005 -0.105 -0.090 0.051 0.046 -0.100 -0.012 67.000 2.183 
-0.005 -0.100 -0.090 0.051 0.046 -0.098 -0.010 67.400 2.168 
-0.005 -0.098 -0.088 0.049 0.044 -0.095 -0.007 68.600 2.164 
-0.007 -0.098 -0.085 0.049 0.044 -0.093 -0.007 69.800 2.159 
-0.005 -0.095 -0.085 0.049 0.044 -0.093 -0.005 72.000 2.154 
-0.005 -0.093 -0.088 0.049 0.044 -0.090 -0.005 74.200 2.149 
-0.002 -0.088 -0.083 0.046 0.042 -0.088 -0.005 77.000 2.139 
-0.000 -0.083 -0.081 0.042 0.042 -0.081 -0.007 79.600 2.129 
0.005 -0.078 -0.078 0.037 0.042 -0.078 -0.005 82.400 2.120 
0.007 -0.068 -0.076 0.032 0.044 -0.073 -0.005 85.200 2.110 
0.007 -0.066 -0.073 0.029 0.042 -0.071 -0.002 87.800 2.105 
0.007 -0.063 -0.073 0.027 0.042 -0.066 0.002 90.200 2.100 
0.010 -0.061 -0.068 0.027 0.039 -0.063 0.007 92.200 2.095 
0.007 -0.059 -0.063 0.027 0.037 -0.061 0.010 94.200 2.090 
0.007 -0.059 -0.063 0.027 0.037 -0.061 0.017 95.600 2.081 
0.010 -0.056 -0.063 0.022 0.039 -0.061 0.022 97.000 2.071 
0.015 -0.051 -0.061 0.017 0.039 -0.059 0.029 97.600 2.061 
0.015 -0.046 -0.059 0.015 0.039 -0.051 0.034 98.200 2.051 
0.017 -0.037 -0.051 0.010 0.034 -0.046 0.037 98.400 2.042 
0.015 -0.032 -0.049 0.007 0.032 -0.039 0.039 98.400 2.032 
0.017 -0.027 -0.044 0.005 0.029 -0.034 0.042 98.200 2.022 
0.020 -0.020 -0.039 -0.000 0.032 -0.029 0.046 98.000 2.012 
0.024 -0.012 -0.034 -0.005 0.032 -0.024 0.051 97.400 2.012 
0.022 -0.007 -0.029 -0.010 0.029 -0.017 0.054 97.000 2.012 
0.022 -0.000 -0.020 -0.010 0.022 -0.010 0.059 96.400 2.012 
0.022 0.007 -0.012 -0.012 0.017 -0.002 0.066 96.000 2.012 
0.022 0.017 -0.002 -0.022 0.015 0.007 0.076 95.600 2.007 
0.027 0.027 0.002 -0.027 0.015 0.015 0.083 95.400 2.002 
0.029 0.034 0.005 -0.034 0.015 0.022 0.095 95.400 1.998 
0.034 0.044 0.012 -0.039 0.012 0.027 0.110 95.400 1.993 
0.039 0.051 0.017 -0.046 0.012 0.034 0.127 95.600 1.988 
0.044 0.061 0.022 -0.054 0.012 0.039 0.147 96.000 1.983 
0.046 0.073 0.032 -0.061 0.012 0.051 0.166 96.400 1.978 
0.051 0.085 0.037 -0.071 0.007 0.061 0.186 97.000 1.973 
0.056 0.103 0.046 -0.078 0.007 0.073 0.198 97.800 1.968 
0.061 0.117 0.059 -0.090 0.002 0.088 0.212 98.600 1.963 
0.066 0.137 0.073 -0.100 -0.002 0.105 0.225 99.200 1.958 
0.068 0.154 0.085 -0.112 -0.007 0.120 0.239 100.000 1.954 
0.073 0.171 0.098 -0.122 -0.010 0.134 0.256 100.200 1.949 
0.081 0.188 0.110 -0.137 -0.015 0.149 0.278 100.600 1.944 
0.085 0.208 0.122 -0.147 -0.017 0.168 0.298 101.000 1.939 
0.088 0.230 0.137 -0.159 -0.024 0.183 0.315 101.200 1.934 
0.093 0.247 0.151 -0.168 -0.029 0.200 0.332 101.400 1.929 
0.098 0.266 0.168 -0.181 -0.037 0.220 0.342 101.400 1.924 
0.100 0.286 0.186 -0.193 -0.044 0.237 0.349 101.400 1.919 
0.103 0.303 0.198 -0.203 -0.049 0.254 0.354 101.200 1.915 
0.100 0.315 0.210 -0.208 -0.056 0.264 0.354 101.000 1.915 
0.100 0.320 0.220 -0.208 -0.059 0.271 0.352 100.800 1.915 
0.095 0.322 0.220 -0.208 -0.063 0.274 0.349 100.600 1.915 
0.090 0.320 0.225 -0.200 -0.068 0.276 0.349 100.400 1.915 
0.085 0.315 0.222 -0.195 -0.073 0.271 0.352 100.200 1.915 
0.078 0.305 0.220 -0.188 -0.071 0.266 0.344 100.000 1.915 
0.073 0.288 0.208 -0.176 -0.073 0.254 0.332 100.000 1.915 
0.066 0.271 0.198 -0.166 -0.068 0.237 0.313 100.000 1.915 
0.059 0.247 0.183 -0.149 -0.063 0.220 0.286 100.000 1.915 
0.049 0.225 0.168 -0.134 -0.061 0.200 0.261 99.800 1.915 
0.042 0.203 0.154 -0.117 -0.059 0.181 0.237 99.800 1.915 
0.034 0.176 0.134 -0.100 -0.051 0.159 0.215 99.800 1.915 
0.027 0.147 0.112 -0.083 -0.049 0.137 0.195 99.800 1.915 
0.020 0.122 0.093 -0.066 -0.039 0.112 0.176 100.000 1.915 
0.012 0.093 0.073 -0.051 -0.032 0.088 0.159 99.800 1.915 
0.010 0.071 0.054 -0.034 -0.027 0.066 0.139 99.800 1.915 
0.005 0.051 0.039 -0.024 -0.020 0.049 0.117 99.600 1.915 
-0.000 0.034 0.027 -0.015 -0.017 0.037 0.095 99.400 1.915 
-0.002 0.024 0.017 -0.005 -0.012 0.024 0.076 99.200 1.915 
-0.002 0.012 0.007 -0.002 -0.007 0.017 0.059 98.800 1.915 
-0.000 0.007 0.002 0.002 -0.005 0.007 0.044 98.600 1.910 
-0.000 0.002 -0.005 0.005 -0.002 0.002 0.037 98.200 1.905 
-0.002 -0.005 -0.007 0.007 -0.000 -0.002 0.029 97.600 1.900 
-0.005 -0.012 -0.012 0.010 0.002 -0.007 0.024 97.000 1.895 
-0.005 -0.020 -0.017 0.017 0.005 -0.017 0.020 96.000 1.895 
-0.007 -0.027 -0.022 0.022 0.007 -0.022 0.017 95.000 1.895 
-0.012 -0.034 -0.027 0.024 0.005 -0.027 0.015 93.800 1.895 
-0.012 -0.037 -0.027 0.029 0.005 -0.029 0.012 92.600 1.895 
-0.015 -0.037 -0.027 0.027 0.005 -0.027 0.012 91.200 1.885 
-0.015 -0.037 -0.027 0.029 0.002 -0.029 0.010 89.600 1.875 
-0.017 -0.037 -0.024 0.029 0.002 -0.027 0.005 88.600 1.866 
-0.017 -0.037 -0.024 0.032 -0.000 -0.027 0.002 87.400 1.856 
-0.017 -0.034 -0.022 0.029 -0.000 -0.024 -0.000 87.000 1.856 
-0.017 -0.032 -0.017 0.027 -0.002 -0.022 -0.000 86.600 1.856 
-0.015 -0.027 -0.015 0.022 -0.002 -0.020 -0.000 86.800 1.856 
-0.012 -0.024 -0.012 0.022 -0.002 -0.015 0.002 87.200 1.856 
-0.017 -0.022 -0.010 0.022 -0.005 -0.012 -0.000 87.800 1.851 
-0.017 -0.022 -0.007 0.022 -0.005 -0.010 -0.005 88.400 1.846 
-0.015 -0.017 -0.005 0.020 -0.005 -0.010 -0.007 89.200 1.841 
-0.012 -0.017 -0.007 0.017 -0.005 -0.010 -0.005 90.000 1.836 
-0.012 -0.017 -0.007 0.017 -0.002 -0.010 -0.002 90.800 1.846 
-0.012 -0.017 -0.007 0.015 -0.005 -0.010 -0.000 91.600 1.856 
-0.010 -0.015 -0.005 0.015 -0.005 -0.010 -0.002 92.000 1.866 
-0.010 -0.010 -0.005 0.012 -0.005 -0.005 -0.000 92.600 1.875 
-0.012 -0.010 -0.005 0.012 -0.005 -0.005 -0.000 92.800 1.895 
-0.010 -0.007 -0.002 0.012 -0.005 -0.002 0.005 93.000 1.915 
-0.007 -0.005 -0.000 0.010 -0.005 -0.000 0.010 92.600 1.934 
-0.007 -0.002 -0.000 0.007 -0.005 -0.000 0.017 92.400 1.954 
-0.007 -0.005 -0.000 0.007 -0.005 -0.000 0.020 92.000 1.998 
-0.007 -0.005 -0.002 0.007 -0.005 -0.002 0.024 91.400 2.042 
-0.005 -0.002 -0.002 0.007 -0.005 -0.000 0.024 90.800 2.085 
-0.005 -0.002 -0.000 0.005 -0.002 0.002 0.022 90.200 2.129 
-0.007 -0.000 0.002 0.005 -0.005 0.002 0.022 89.600 2.188 
-0.007 -0.000 0.005 0.005 -0.007 0.007 0.020 89.000 2.247 
-0.010 0.002 0.010 0.005 -0.010 0.007 0.024 88.600 2.305 
-0.010 0.002 0.010 0.005 -0.010 0.010 0.024 88.200 2.364 
-0.007 0.002 0.007 0.005 -0.010 0.007 0.024 87.800 2.432 
-0.007 0.002 0.005 0.005 -0.007 0.007 0.022 87.400 2.501 
-0.005 -0.000 0.005 0.005 -0.007 0.005 0.022 87.400 2.569 
-0.005 0.002 0.007 0.002 -0.007 0.005 0.022 87.200 2.637 
-0.007 0.002 0.007 0.002 -0.007 0.007 0.024 87.200 2.725 
-0.007 0.002 0.005 0.005 -0.007 0.005 0.022 87.200 2.813 
-0.007 -0.000 0.005 0.005 -0.005 0.005 0.022 87.000 2.901 
-0.007 -0.000 0.002 0.005 -0.007 0.005 0.024 87.000 2.989 
-0.007 -0.002 -0.000 0.007 -0.005 0.002 0.022 87.000 3.062 
-0.010 -0.007 -0.000 0.012 -0.005 -0.000 0.020 87.000 3.136 
-0.010 -0.007 -0.002 0.015 -0.007 -0.000 0.020 87.000 3.209 
-0.012 -0.010 -0.005 0.015 -0.005 -0.002 0.017 86.800 3.282 
-0.010 -0.010 -0.005 0.012 -0.005 -0.005 0.015 86.400 3.336 
-0.007 -0.007 -0.005 0.010 -0.005 -0.002 0.012 86.200 3.389 
-0.007 -0.005 -0.002 0.010 -0.002 -0.002 0.012 85.800 3.443 
-0.007 -0.005 -0.002 0.010 -0.005 -0.002 0.015 85.600 3.497 
-0.007 -0.007 -0.007 0.010 -0.005 -0.002 0.015 85.200 3.521 
-0.010 -0.007 -0.007 0.015 -0.005 -0.005 0.015 85.000 3.546 
-0.010 -0.012 -0.007 0.017 -0.005 -0.007 0.015 84.800 3.570 
-0.010 -0.015 -0.010 0.017 -0.002 -0.010 0.012 84.600 3.595 
-0.012 -0.017 -0.010 0.017 -0.002 -0.010 0.010 84.200 3.604 
-0.012 -0.015 -0.010 0.017 -0.002 -0.010 0.007 84.000 3.614 
-0.012 -0.017 -0.012 0.020 -0.002 -0.012 0.002 83.800 3.624 
-0.012 -0.020 -0.015 0.020 -0.002 -0.012 -0.000 83.400 3.634 
-0.012 -0.022 -0.017 0.022 -0.000 -0.015 -0.002 83.000 3.634 
-0.010 -0.022 -0.020 0.020 -0.000 -0.015 -0.002 82.600 3.634 
-0.012 -0.022 -0.017 0.022 0.002 -0.017 -0.000 82.400 3.634 
-0.012 -0.024 -0.017 0.022 0.002 -0.017 -0.000 82.000 3.634 
-0.012 -0.027 -0.017 0.022 0.002 -0.020 -0.000 81.600 3.629 
-0.010 -0.027 -0.020 0.020 0.002 -0.020 -0.000 81.400 3.624 
-0.010 -0.029 -0.022 0.022 0.005 -0.022 0.002 81.200 3.619 
-0.007 -0.032 -0.024 0.020 0.010 -0.027 0.002 80.800 3.614 
-0.007 -0.034 -0.027 0.022 0.012 -0.032 -0.000 80.600 3.595 
-0.005 -0.034 -0.027 0.022 0.012 -0.032 -0.000 80.200 3.575 
-0.007 -0.034 -0.027 0.020 0.010 -0.032 -0.002 80.000 3.556 
-0.007 -0.032 -0.027 0.020 0.010 -0.029 -0.002 79.600 3.536 
-0.007 -0.032 -0.024 0.022 0.010 -0.029 -0.002 79.400 3.531 
-0.010 -0.032 -0.024 0.022 0.007 -0.027 -0.002 79.000 3.526 
-0.010 -0.034 -0.027 0.024 0.007 -0.027 -0.000 78.800 3.521 
-0.010 -0.034 -0.029 0.024 0.010 -0.029 0.002 78.600 3.516 
-0.007 -0.034 -0.032 0.024 0.010 -0.029 -0.000 78.200 3.502 
-0.007 -0.034 -0.032 0.027 0.012 -0.029 0.002 78.000 3.487 
-0.010 -0.037 -0.034 0.024 0.010 -0.032 -0.000 77.800 3.473 
-0.010 -0.037 -0.032 0.024 0.010 -0.032 -0.000 77.600 3.458 
-0.007 -0.037 -0.032 0.027 0.010 -0.034 -0.002 77.400 3.443 
-0.010 -0.039 -0.029 0.027 0.010 -0.032 -0.005 77.400 3.429 
-0.010 -0.037 -0.027 0.024 0.007 -0.032 -0.005 77.200 3.414 
-0.010 -0.034 -0.024 0.022 0.007 -0.027 -0.007 77.200 3.399 
-0.007 -0.032 -0.022 0.020 0.007 -0.027 -0.012 77.000 3.394 
-0.010 -0.027 -0.020 0.020 0.005 -0.024 -0.017 76.800 3.389 
-0.010 -0.029 -0.017 0.020 0.005 -0.022 -0.015 76.800 3.385 
-0.012 -0.029 -0.020 0.022 0.005 -0.024 -0.012 76.600 3.380 
-0.010 -0.034 -0.024 0.022 0.007 -0.027 -0.007 76.400 3.375 
-0.010 -0.037 -0.029 0.024 0.007 -0.032 -0.002 76.200 3.370 
-0.012 -0.039 -0.029 0.027 0.010 -0.034 -0.000 76.000 3.365 
-0.012 -0.044 -0.032 0.032 0.007 -0.037 0.002 75.600 3.360 
-0.015 -0.046 -0.034 0.032 0.010 -0.039 -0.000 75.400 3.346 
-0.015 -0.049 -0.037 0.034 0.010 -0.042 -0.002 75.000 3.331 
-0.017 -0.051 -0.039 0.037 0.010 -0.042 -0.000 74.600 3.316 
-0.017 -0.049 -0.037 0.034 0.010 -0.039 -0.000 74.200 3.302 
-0.015 -0.046 -0.037 0.032 0.010 -0.037 -0.002 73.800 3.287 
-0.012 -0.042 -0.032 0.029 0.007 -0.034 -0.005 73.600 3.272 
-0.012 -0.037 -0.029 0.029 0.007 -0.032 -0.005 73.200 3.258 
-0.015 -0.039 -0.027 0.029 0.007 -0.032 -0.007 73.000 3.243 
-0.015 -0.039 -0.029 0.029 0.005 -0.032 -0.007 72.800 3.233 
-0.017 -0.039 -0.029 0.032 0.005 -0.032 -0.007 72.400 3.223 
-0.017 -0.042 -0.029 0.032 0.005 -0.032 -0.010 72.400 3.214 
-0.012 -0.039 -0.029 0.029 0.005 -0.029 -0.007 72.200 3.204 
-0.012 -0.037 -0.029 0.027 0.007 -0.032 -0.005 72.200 3.199 
-0.010 -0.037 -0.032 0.027 0.010 -0.029 -0.005 72.200 3.194 
-0.010 -0.037 -0.032 0.027 0.010 -0.032 -0.002 72.200 3.189 
-0.010 -0.039 -0.034 0.024 0.012 -0.032 -0.000 72.200 3.184 
-0.007 -0.039 -0.034 0.024 0.015 -0.034 -0.000 72.000 3.179 
-0.007 -0.042 -0.034 0.027 0.015 -0.039 -0.000 72.000 3.175 
-0.010 -0.042 -0.034 0.027 0.012 -0.037 -0.000 72.000 3.170 
-0.010 -0.042 -0.032 0.027 0.012 -0.037 -0.000 71.800 3.165 
-0.010 -0.044 -0.034 0.027 0.012 -0.039 -0.000 71.600 3.160 
-0.010 -0.044 -0.032 0.027 0.015 -0.037 -0.000 71.400 3.155 
-0.007 -0.039 -0.027 0.022 0.012 -0.034 0.002 71.400 3.150 
-0.010 -0.034 -0.022 0.022 0.007 -0.029 0.005 71.200 3.145 
-0.010 -0.029 -0.020 0.020 0.005 -0.024 0.005 71.000 3.150 
-0.010 -0.024 -0.017 0.020 0.005 -0.022 0.002 70.600 3.155 
-0.010 -0.024 -0.015 0.017 0.005 -0.017 -0.002 70.400 3.160 
-0.010 -0.020 -0.012 0.015 0.002 -0.015 -0.005 70.000 3.165 
-0.010 -0.020 -0.010 0.015 -0.000 -0.015 -0.005 69.800 3.170 
-0.010 -0.015 -0.005 0.012 -0.000 -0.010 -0.002 69.600 3.175 
-0.007 -0.012 -0.002 0.010 -0.002 -0.007 -0.000 69.400 3.179 
-0.005 -0.007 -0.000 0.007 -0.002 -0.002 0.002 69.200 3.184 
-0.002 0.002 0.005 -0.000 -0.002 0.005 0.010 69.000 3.194 
-0.000 0.017 0.015 -0.007 -0.007 0.015 0.020 68.800 3.204 
0.002 0.029 0.027 -0.015 -0.012 0.029 0.032 68.600 3.214 
0.005 0.044 0.037 -0.024 -0.017 0.044 0.042 68.600 3.223 
0.007 0.056 0.046 -0.029 -0.020 0.051 0.046 68.400 3.223 
0.012 0.063 0.051 -0.037 -0.020 0.061 0.051 68.200 3.223 
0.020 0.078 0.061 -0.046 -0.020 0.071 0.061 68.000 3.223 
0.022 0.100 0.076 -0.061 -0.024 0.088 0.071 67.800 3.223 
0.024 0.120 0.093 -0.071 -0.034 0.107 0.081 67.800 3.223 
0.027 0.137 0.110 -0.078 -0.044 0.127 0.088 67.600 3.223 
0.027 0.149 0.120 -0.085 -0.049 0.134 0.090 67.400 3.223 
0.032 0.156 0.122 -0.093 -0.046 0.142 0.093 67.400 3.223 
0.034 0.164 0.127 -0.098 -0.044 0.144 0.098 67.200 3.223 
0.037 0.168 0.127 -0.103 -0.044 0.149 0.095 67.200 3.223 
0.039 0.168 0.127 -0.100 -0.044 0.151 0.095 67.000 3.223 
0.039 0.161 0.120 -0.098 -0.042 0.142 0.093 67.000 3.223 
0.039 0.151 0.107 -0.093 -0.037 0.132 0.088 66.800 3.214 
0.039 0.142 0.098 -0.085 -0.032 0.122 0.083 66.800 3.204 
0.034 0.125 0.088 -0.078 -0.027 0.107 0.076 66.600 3.194 
0.027 0.105 0.076 -0.063 -0.024 0.090 0.066 66.600 3.184 
0.017 0.078 0.059 -0.046 -0.022 0.071 0.051 66.400 3.179 
0.010 0.056 0.042 -0.029 -0.020 0.054 0.037 66.200 3.175 
0.002 0.037 0.029 -0.017 -0.015 0.037 0.024 66.200 3.170 
-0.002 0.022 0.017 -0.007 -0.012 0.024 0.017 66.200 3.165 
-0.005 0.010 0.010 0.002 -0.012 0.015 0.012 66.200 3.160 
-0.012 -0.000 0.002 0.010 -0.010 0.005 0.005 66.400 3.155 
-0.015 -0.015 -0.005 0.017 -0.005 -0.005 -0.000 66.600 3.150 
-0.015 -0.022 -0.010 0.020 -0.002 -0.015 -0.000 66.800 3.145 
-0.015 -0.029 -0.015 0.024 -0.000 -0.022 -0.002 67.000 3.131 
-0.015 -0.032 -0.020 0.022 0.002 -0.024 -0.005 67.400 3.116 
-0.012 -0.032 -0.022 0.022 0.005 -0.027 -0.005 67.400 3.101 
-0.010 -0.034 -0.022 0.022 0.005 -0.024 -0.005 67.600 3.087 
-0.012 -0.034 -0.022 0.024 0.007 -0.027 -0.007 67.600 3.072 
-0.015 -0.037 -0.024 0.027 0.005 -0.029 -0.007 67.600 3.057 
-0.017 -0.039 -0.024 0.029 0.002 -0.029 -0.010 67.400 3.043 
-0.020 -0.042 -0.024 0.032 0.002 -0.032 -0.007 67.400 3.028 
-0.022 -0.044 -0.027 0.034 -0.000 -0.032 -0.007 67.200 3.018 
-0.020 -0.046 -0.032 0.037 0.005 -0.037 -0.010 66.800 3.009 
-0.017 -0.046 -0.034 0.034 0.007 -0.037 -0.015 66.600 2.999 
-0.012 -0.032 -0.020 0.022 0.005 -0.024 -0.000 66.200 2.989 
0.002 0.017 0.012 -0.010 -0.005 0.017 0.059 66.000 2.979 
0.037 0.107 0.068 -0.071 -0.017 0.090 0.200 65.800 2.969 
0.095 0.252 0.154 -0.171 -0.029 0.203 0.449 65.800 2.960 
0.168 0.454 0.283 -0.310 -0.059 0.371 0.789 65.600 2.950 
0.234 0.716 0.476 -0.474 -0.122 0.598 1.172 65.600 2.930 
0.274 1.004 0.728 -0.635 -0.227 0.869 1.521 65.600 2.911 
0.276 1.258 0.977 -0.764 -0.354 1.121 1.763 65.600 2.891 
0.249 1.380 1.123 -0.811 -0.440 1.258 1.839 65.600 2.872 
0.203 1.292 1.077 -0.740 -0.442 1.189 1.695 65.600 2.862 
0.139 0.991 0.842 -0.562 -0.357 0.923 1.324 65.400 2.852 
0.066 0.567 0.493 -0.313 -0.215 0.532 0.777 65.200 2.842 
-0.002 0.149 0.149 -0.071 -0.076 0.151 0.212 65.000 2.833 
-0.051 -0.142 -0.090 0.095 0.022 -0.115 -0.193 64.600 2.823 
-0.068 -0.261 -0.193 0.166 0.063 -0.230 -0.366 64.200 2.813 
-0.061 -0.256 -0.195 0.159 0.068 -0.225 -0.347 64.000 2.803 
-0.042 -0.198 -0.151 0.120 0.059 -0.176 -0.247 63.600 2.794 
-0.027 -0.134 -0.107 0.081 0.042 -0.120 -0.139 63.600 2.784 
-0.015 -0.090 -0.076 0.054 0.029 -0.083 -0.073 63.600 2.774 
-0.012 -0.073 -0.061 0.044 0.024 -0.066 -0.046 63.800 2.764 
-0.015 -0.071 -0.059 0.044 0.022 -0.063 -0.044 63.800 2.755 
-0.020 -0.076 -0.061 0.049 0.020 -0.063 -0.046 64.000 2.745 
-0.022 -0.081 -0.063 0.056 0.020 -0.071 -0.044 64.200 2.735 
-0.024 -0.083 -0.063 0.056 0.020 -0.071 -0.039 64.200 2.725 
-0.024 -0.083 -0.063 0.056 0.017 -0.071 -0.039 64.200 2.716 
-0.022 -0.081 -0.063 0.054 0.020 -0.068 -0.037 64.200 2.701 
-0.022 -0.076 -0.061 0.051 0.020 -0.066 -0.037 64.200 2.686 
-0.020 -0.073 -0.059 0.049 0.017 -0.063 -0.034 64.200 2.672 
-0.017 -0.073 -0.056 0.046 0.022 -0.063 -0.032 64.400 2.657 
-0.015 -0.073 -0.059 0.044 0.022 -0.066 -0.029 65.000 2.642 
-0.015 -0.071 -0.059 0.042 0.024 -0.066 -0.027 65.400 2.628 
-0.012 -0.073 -0.059 0.044 0.024 -0.063 -0.027 66.800 2.613 
-0.012 -0.071 -0.059 0.044 0.022 -0.063 -0.027 68.200 2.598 
-0.012 -0.063 -0.056 0.039 0.022 -0.056 -0.029 70.400 2.593 
-0.007 -0.056 -0.051 0.034 0.020 -0.051 -0.027 72.600 2.589 
-0.005 -0.049 -0.051 0.032 0.020 -0.049 -0.024 75.400 2.584 
-0.005 -0.046 -0.049 0.029 0.017 -0.044 -0.020 78.200 2.579 
-0.007 -0.044 -0.046 0.029 0.017 -0.039 -0.020 81.000 2.559 
-0.007 -0.044 -0.042 0.029 0.015 -0.039 -0.017 83.800 2.540 
-0.010 -0.044 -0.039 0.027 0.015 -0.039 -0.015 86.200 2.520 
-0.007 -0.042 -0.039 0.029 0.015 -0.039 -0.015 88.800 2.501 
-0.005 -0.039 -0.042 0.027 0.015 -0.037 -0.012 90.600 2.496 
-0.002 -0.037 -0.039 0.022 0.015 -0.034 -0.007 92.600 2.491 
-0.002 -0.029 -0.032 0.017 0.015 -0.027 -0.005 93.600 2.486 
-0.000 -0.024 -0.024 0.012 0.012 -0.022 0.002 94.800 2.481 
-0.000 -0.020 -0.020 0.010 0.010 -0.017 0.005 95.400 2.466 
0.002 -0.015 -0.015 0.005 0.010 -0.015 0.010 96.000 2.452 
0.005 -0.010 -0.015 0.002 0.010 -0.012 0.012 96.000 2.437 
0.007 -0.007 -0.012 -0.000 0.012 -0.010 0.017 96.000 2.422 
0.005 -0.005 -0.007 -0.002 0.007 -0.005 0.027 95.800 2.408 
0.005 -0.000 -0.002 -0.002 0.005 -0.000 0.034 95.600 2.393 
0.005 0.007 0.002 -0.005 -0.000 0.005 0.042 95.400 2.379 
0.007 0.017 0.007 -0.010 -0.000 0.015 0.046 95.200 2.364 
0.012 0.027 0.012 -0.017 -0.000 0.022 0.054 95.200 2.344 
0.015 0.037 0.017 -0.024 -0.000 0.029 0.063 95.200 2.325 
0.020 0.044 0.022 -0.032 -0.002 0.034 0.068 95.400 2.305 
0.022 0.046 0.024 -0.032 -0.002 0.037 0.078 95.600 2.286 
0.024 0.051 0.027 -0.037 -0.002 0.039 0.085 95.800 2.276 
0.027 0.061 0.034 -0.044 -0.002 0.046 0.095 96.200 2.266 
0.029 0.071 0.042 -0.049 -0.005 0.056 0.105 96.600 2.256 
0.029 0.078 0.049 -0.054 -0.012 0.066 0.115 97.000 2.247 
0.032 0.090 0.059 -0.061 -0.015 0.076 0.127 97.400 2.237 
0.037 0.105 0.068 -0.068 -0.015 0.088 0.139 98.000 2.227 
0.042 0.122 0.078 -0.081 -0.020 0.100 0.154 98.200 2.217 
0.049 0.139 0.088 -0.090 -0.022 0.117 0.168 98.600 2.208 
0.051 0.161 0.103 -0.103 -0.027 0.134 0.190 99.000 2.193 
0.059 0.178 0.115 -0.115 -0.032 0.151 0.212 99.200 2.178 
0.066 0.198 0.129 -0.129 -0.034 0.166 0.234 99.600 2.164 
0.068 0.217 0.142 -0.139 -0.037 0.183 0.254 100.000 2.149 
0.071 0.234 0.156 -0.149 -0.044 0.198 0.274 100.200 2.125 
0.073 0.247 0.168 -0.156 -0.051 0.212 0.288 100.400 2.100 
0.073 0.264 0.183 -0.166 -0.059 0.227 0.303 100.400 2.076 
0.076 0.278 0.195 -0.173 -0.063 0.242 0.317 100.600 2.051 
0.078 0.295 0.210 -0.183 -0.068 0.256 0.330 100.600 2.046 
0.083 0.313 0.222 -0.193 -0.073 0.271 0.344 100.600 2.042 
0.085 0.327 0.234 -0.203 -0.078 0.286 0.354 101.000 2.037 
0.090 0.339 0.242 -0.212 -0.078 0.295 0.369 101.200 2.032 
0.093 0.349 0.252 -0.217 -0.081 0.305 0.379 101.600 2.017 
0.093 0.359 0.259 -0.220 -0.088 0.313 0.386 102.000 2.002 
0.088 0.359 0.266 -0.220 -0.090 0.315 0.388 102.200 1.988 
0.085 0.361 0.269 -0.220 -0.095 0.317 0.386 102.200 1.973 
0.083 0.359 0.274 -0.217 -0.098 0.317 0.381 102.400 1.963 
0.078 0.352 0.269 -0.212 -0.098 0.313 0.374 102.400 1.954 
0.071 0.337 0.259 -0.198 -0.098 0.303 0.361 102.400 1.944 
0.066 0.317 0.247 -0.188 -0.095 0.286 0.344 102.200 1.934 
0.059 0.295 0.230 -0.173 -0.088 0.269 0.322 102.000 1.919 
0.054 0.274 0.212 -0.159 -0.083 0.247 0.303 101.800 1.905 
0.049 0.247 0.193 -0.142 -0.073 0.222 0.276 101.800 1.890 
0.042 0.217 0.171 -0.127 -0.066 0.198 0.249 101.600 1.875 
0.037 0.190 0.149 -0.110 -0.059 0.173 0.220 101.200 1.866 
0.032 0.164 0.129 -0.095 -0.054 0.149 0.190 101.000 1.856 
0.024 0.142 0.110 -0.078 -0.044 0.127 0.166 100.600 1.846 
0.020 0.117 0.090 -0.066 -0.039 0.110 0.142 100.200 1.836 
0.015 0.095 0.073 -0.051 -0.032 0.088 0.115 100.200 1.832 
0.012 0.076 0.056 -0.039 -0.027 0.071 0.093 100.200 1.827 
0.007 0.059 0.042 -0.027 -0.022 0.054 0.076 100.200 1.822 
0.005 0.044 0.032 -0.020 -0.017 0.042 0.059 100.200 1.817 
0.002 0.032 0.022 -0.012 -0.012 0.032 0.049 100.000 1.797 
0.002 0.020 0.010 -0.005 -0.007 0.020 0.039 100.000 1.778 
-0.000 0.007 -0.000 -0.002 -0.002 0.010 0.029 99.800 1.758 
-0.000 -0.002 -0.007 0.005 -0.000 -0.000 0.024 99.800 1.739 
-0.000 -0.007 -0.012 0.007 0.002 -0.007 0.022 99.400 1.729 
-0.000 -0.012 -0.017 0.010 0.005 -0.012 0.017 99.000 1.719 
-0.002 -0.017 -0.020 0.015 0.007 -0.015 0.015 98.200 1.709 
-0.002 -0.020 -0.022 0.015 0.007 -0.017 0.010 97.400 1.700 
-0.002 -0.022 -0.022 0.015 0.005 -0.020 0.007 96.200 1.690 
-0.002 -0.022 -0.022 0.015 0.007 -0.020 0.002 95.000 1.680 
-0.002 -0.022 -0.022 0.015 0.010 -0.020 -0.000 93.400 1.670 
-0.000 -0.024 -0.027 0.015 0.012 -0.024 -0.005 91.800 1.661 
-0.005 -0.032 -0.029 0.020 0.010 -0.027 -0.007 90.200 1.646 
-0.010 -0.037 -0.032 0.024 0.010 -0.032 -0.010 88.400 1.631 
-0.010 -0.039 -0.032 0.027 0.010 -0.034 -0.012 87.400 1.617 
-0.012 -0.039 -0.034 0.029 0.007 -0.032 -0.015 86.400 1.602 
-0.012 -0.037 -0.034 0.029 0.007 -0.029 -0.017 86.400 1.597 
-0.010 -0.037 -0.032 0.029 0.010 -0.029 -0.020 86.200 1.592 
-0.007 -0.034 -0.032 0.024 0.010 -0.029 -0.024 86.600 1.587 
-0.010 -0.034 -0.032 0.024 0.007 -0.027 -0.024 87.000 1.582 
-0.012 -0.032 -0.024 0.027 0.005 -0.024 -0.024 87.800 1.587 
-0.015 -0.029 -0.020 0.027 -0.000 -0.020 -0.027 88.600 1.592 
-0.017 -0.024 -0.015 0.024 -0.005 -0.017 -0.027 89.400 1.597 
-0.015 -0.022 -0.010 0.022 -0.007 -0.012 -0.024 90.000 1.602 
-0.015 -0.015 -0.007 0.020 -0.005 -0.007 -0.022 90.400 1.631 
-0.012 -0.012 -0.010 0.015 -0.002 -0.007 -0.020 90.800 1.661 
-0.007 -0.012 -0.012 0.015 -0.000 -0.010 -0.015 91.200 1.690 
-0.005 -0.012 -0.015 0.012 -0.000 -0.010 -0.015 91.400 1.719 
-0.005 -0.015 -0.017 0.015 0.002 -0.012 -0.012 91.400 1.773 
-0.005 -0.015 -0.015 0.015 -0.000 -0.010 -0.010 91.400 1.827 
-0.007 -0.012 -0.012 0.012 -0.000 -0.010 -0.007 91.200 1.880 
-0.005 -0.007 -0.007 0.012 -0.000 -0.005 -0.002 90.800 1.934 
-0.005 -0.002 -0.005 0.007 -0.002 -0.000 -0.000 90.200 2.007 
-0.005 -0.000 -0.000 0.005 -0.002 0.002 -0.000 89.800 2.081 
-0.005 -0.000 0.002 0.005 -0.005 0.005 -0.002 89.200 2.154 
-0.005 0.002 -0.000 0.005 -0.005 0.005 -0.007 88.600 2.227 
-0.000 0.005 -0.002 0.002 -0.002 0.005 -0.007 88.200 2.310 
0.002 0.007 -0.002 -0.000 -0.000 0.005 -0.010 87.800 2.393 
0.002 0.007 -0.002 -0.002 -0.000 0.007 -0.007 87.600 2.476 
-0.000 0.007 -0.002 -0.000 -0.002 0.007 -0.007 87.200 2.559 
-0.000 0.010 -0.000 -0.000 -0.002 0.010 -0.002 87.200 2.652 
-0.000 0.010 0.002 -0.002 -0.002 0.012 0.002 87.000 2.745 
-0.000 0.012 0.005 -0.000 -0.005 0.012 0.010 87.000 2.838 
-0.000 0.012 0.007 -0.002 -0.005 0.015 0.010 87.000 2.930 
-0.000 0.010 0.005 -0.002 -0.005 0.012 0.012 86.800 2.999 
-0.002 0.005 0.002 0.002 -0.005 0.007 0.010 86.600 3.067 
-0.002 -0.000 -0.000 0.005 -0.002 0.005 0.010 86.200 3.136 
-0.005 0.002 -0.000 0.005 -0.005 0.005 0.007 85.800 3.204 
-0.005 0.002 -0.000 0.002 -0.002 0.002 0.005 85.400 3.263 
-0.002 0.002 -0.002 0.005 -0.002 0.002 0.002 85.200 3.321 
-0.002 -0.000 -0.005 0.005 -0.002 0.002 -0.000 84.800 3.380 
-0.002 -0.002 -0.010 0.007 -0.000 -0.002 -0.000 84.600 3.438 
-0.000 -0.007 -0.012 0.007 0.002 -0.005 -0.007 84.400 3.468 
-0.000 -0.012 -0.020 0.010 0.007 -0.012 -0.010 84.000 3.497 
-0.000 -0.020 -0.024 0.015 0.010 -0.020 -0.010 83.600 3.526 
-0.000 -0.024 -0.032 0.017 0.012 -0.024 -0.012 83.400 3.556 
-0.002 -0.032 -0.037 0.020 0.015 -0.029 -0.015 83.000 3.565 
-0.002 -0.034 -0.039 0.022 0.017 -0.034 -0.020 82.600 3.575 
-0.002 -0.039 -0.044 0.024 0.017 -0.039 -0.024 82.400 3.585 
-0.002 -0.044 -0.049 0.027 0.020 -0.042 -0.027 82.000 3.595 
-0.002 -0.049 -0.054 0.029 0.022 -0.046 -0.032 82.000 3.585 
-0.000 -0.054 -0.056 0.032 0.027 -0.051 -0.039 81.800 3.575 
-0.002 -0.059 -0.066 0.034 0.029 -0.056 -0.039 81.600 3.565 
-0.000 -0.061 -0.071 0.037 0.032 -0.063 -0.042 81.400 3.556 
-0.000 -0.066 -0.073 0.037 0.034 -0.063 -0.044 81.200 3.546 
-0.000 -0.063 -0.073 0.037 0.034 -0.066 -0.044 80.800 3.536 
-0.002 -0.066 -0.071 0.037 0.032 -0.063 -0.044 80.600 3.526 
-0.000 -0.063 -0.068 0.034 0.032 -0.063 -0.046 80.400 3.516 
-0.000 -0.061 -0.066 0.034 0.032 -0.061 -0.046 80.200 3.502 
-0.000 -0.061 -0.066 0.032 0.032 -0.061 -0.051 80.200 3.487 
0.002 -0.061 -0.066 0.032 0.034 -0.063 -0.051 79.800 3.473 
0.002 -0.061 -0.066 0.032 0.034 -0.063 -0.054 79.400 3.458 
0.002 -0.063 -0.071 0.032 0.034 -0.063 -0.056 79.000 3.443 
-0.000 -0.066 -0.071 0.034 0.034 -0.066 -0.059 78.400 3.429 
-0.000 -0.071 -0.073 0.037 0.037 -0.068 -0.059 77.600 3.414 
-0.000 -0.073 -0.076 0.039 0.034 -0.071 -0.061 76.800 3.399 
-0.005 -0.076 -0.073 0.044 0.034 -0.073 -0.059 76.400 3.370 
-0.010 -0.076 -0.071 0.044 0.029 -0.071 -0.056 76.000 3.341 
-0.010 -0.073 -0.066 0.044 0.027 -0.066 -0.056 76.000 3.311 
-0.007 -0.068 -0.063 0.039 0.024 -0.061 -0.054 76.000 3.282 
-0.005 -0.061 -0.061 0.037 0.027 -0.059 -0.054 75.800 3.272 
-0.002 -0.056 -0.061 0.034 0.027 -0.054 -0.051 75.800 3.263 
-0.002 -0.056 -0.056 0.032 0.024 -0.051 -0.051 75.800 3.253 
-0.005 -0.054 -0.054 0.032 0.022 -0.051 -0.051 75.800 3.243 
-0.005 -0.049 -0.051 0.029 0.022 -0.049 -0.051 75.800 3.238 
-0.000 -0.044 -0.049 0.024 0.022 -0.044 -0.051 75.800 3.233 
-0.000 -0.042 -0.044 0.024 0.020 -0.039 -0.049 75.400 3.228 
-0.002 -0.037 -0.039 0.022 0.017 -0.034 -0.046 75.200 3.223 
-0.002 -0.034 -0.037 0.022 0.015 -0.032 -0.042 74.800 3.209 
-0.002 -0.032 -0.034 0.022 0.012 -0.032 -0.039 74.400 3.194 
-0.002 -0.032 -0.032 0.020 0.012 -0.029 -0.034 74.200 3.179 
-0.000 -0.024 -0.027 0.017 0.012 -0.024 -0.034 74.000 3.165 
-0.000 -0.017 -0.022 0.012 0.010 -0.017 -0.032 73.800 3.145 
-0.000 -0.012 -0.017 0.010 0.007 -0.010 -0.032 73.600 3.126 
-0.002 -0.007 -0.015 0.010 0.002 -0.007 -0.032 73.200 3.106 
-0.005 -0.007 -0.015 0.012 -0.000 -0.005 -0.029 73.000 3.087 
-0.005 -0.010 -0.015 0.012 0.002 -0.007 -0.024 72.600 3.077 
-0.002 -0.012 -0.015 0.012 0.002 -0.010 -0.020 72.200 3.067 
-0.002 -0.015 -0.020 0.012 0.005 -0.012 -0.017 71.800 3.057 
-0.002 -0.015 -0.022 0.015 0.005 -0.015 -0.015 71.400 3.048 
-0.002 -0.017 -0.024 0.015 0.007 -0.015 -0.015 71.000 3.023 
-0.000 -0.017 -0.024 0.012 0.010 -0.017 -0.015 70.600 2.999 
-0.000 -0.017 -0.024 0.012 0.010 -0.017 -0.017 70.600 2.974 
-0.002 -0.017 -0.024 0.015 0.007 -0.017 -0.017 70.600 2.950 
-0.002 -0.022 -0.024 0.017 0.007 -0.017 -0.017 70.800 2.930 
-0.005 -0.022 -0.024 0.017 0.005 -0.017 -0.015 71.200 2.911 
-0.007 -0.020 -0.022 0.017 0.005 -0.017 -0.010 71.400 2.891 
-0.002 -0.015 -0.022 0.015 0.005 -0.015 -0.010 71.800 2.872 
-0.002 -0.015 -0.020 0.012 0.005 -0.012 -0.010 71.800 2.852 
-0.002 -0.015 -0.020 0.012 0.007 -0.012 -0.007 72.000 2.833 
-0.000 -0.015 -0.022 0.012 0.010 -0.015 -0.007 71.600 2.813 
-0.002 -0.020 -0.022 0.012 0.007 -0.017 -0.005 71.400 2.794 
-0.005 -0.020 -0.017 0.015 0.005 -0.017 -0.005 71.000 2.779 
-0.002 -0.017 -0.015 0.012 0.005 -0.015 -0.000 70.600 2.764 
-0.002 -0.015 -0.017 0.012 0.005 -0.012 0.002 70.000 2.750 
-0.002 -0.015 -0.017 0.012 0.007 -0.012 0.002 69.400 2.735 
-0.002 -0.017 -0.020 0.015 0.005 -0.015 0.002 69.000 2.730 
-0.005 -0.020 -0.022 0.015 0.005 -0.017 -0.000 68.600 2.725 
-0.007 -0.022 -0.020 0.020 0.005 -0.017 0.002 68.600 2.720 
-0.012 -0.020 -0.017 0.020 -0.000 -0.017 0.002 68.400 2.716 
-0.010 -0.022 -0.017 0.020 0.002 -0.017 0.002 68.400 2.706 
-0.007 -0.020 -0.017 0.017 0.002 -0.015 0.002 68.400 2.696 
-0.005 -0.015 -0.015 0.015 0.002 -0.010 0.005 68.600 2.686 
-0.005 -0.002 -0.007 0.007 -0.002 -0.000 0.012 68.600 2.676 
-0.000 0.017 0.007 -0.005 -0.007 0.017 0.022 68.600 2.681 
0.005 0.039 0.022 -0.017 -0.015 0.037 0.034 68.600 2.686 
0.010 0.054 0.034 -0.027 -0.017 0.049 0.042 68.600 2.691 
0.012 0.063 0.044 -0.032 -0.017 0.059 0.046 68.600 2.696 
0.017 0.073 0.046 -0.039 -0.017 0.063 0.051 68.800 2.696 
0.024 0.088 0.054 -0.049 -0.020 0.076 0.056 69.200 2.696 
0.027 0.107 0.071 -0.063 -0.024 0.093 0.068 69.600 2.696 
0.034 0.129 0.088 -0.078 -0.029 0.112 0.081 70.200 2.696 
0.037 0.144 0.103 -0.088 -0.037 0.129 0.090 70.600 2.696 
