8 1 1 
31 1 1 
7 2 1 
16 2 1 
15 3 1 
24 3 1 
23 4 1 
32 4 1 
6 5 1 
29 5 1 
40 5 1 
63 5 1 
5 6 1 
14 6 1 
39 6 1 
48 6 1 
13 7 1 
22 7 1 
47 7 1 
56 7 1 
21 8 1 
30 8 1 
55 8 1 
64 8 1 
38 9 1 
61 9 1 
72 9 1 
95 9 1 
37 10 1 
46 10 1 
71 10 1 
80 10 1 
45 11 1 
54 11 1 
79 11 1 
88 11 1 
53 12 1 
62 12 1 
87 12 1 
96 12 1 
70 13 1 
93 13 1 
104 13 1 
127 13 1 
69 14 1 
78 14 1 
103 14 1 
112 14 1 
77 15 1 
86 15 1 
111 15 1 
120 15 1 
85 16 1 
94 16 1 
119 16 1 
128 16 1 
102 17 1 
125 17 1 
101 18 1 
110 18 1 
109 19 1 
118 19 1 
117 20 1 
126 20 1 
4 21 1 
27 21 1 
3 22 1 
12 22 1 
11 23 1 
20 23 1 
19 24 1 
28 24 1 
2 25 1 
25 25 1 
36 25 1 
59 25 1 
1 26 1 
10 26 1 
35 26 1 
44 26 1 
9 27 1 
18 27 1 
43 27 1 
52 27 1 
17 28 1 
26 28 1 
51 28 1 
60 28 1 
34 29 1 
57 29 1 
68 29 1 
91 29 1 
33 30 1 
42 30 1 
67 30 1 
76 30 1 
41 31 1 
50 31 1 
75 31 1 
84 31 1 
49 32 1 
58 32 1 
83 32 1 
92 32 1 
66 33 1 
89 33 1 
100 33 1 
123 33 1 
65 34 1 
74 34 1 
99 34 1 
108 34 1 
73 35 1 
82 35 1 
107 35 1 
116 35 1 
81 36 1 
90 36 1 
115 36 1 
124 36 1 
98 37 1 
121 37 1 
97 38 1 
106 38 1 
105 39 1 
114 39 1 
113 40 1 
122 40 1 
